0000000000000000
0111111111111110
0000000000000000
0222222222222220
0000000000000000
0333333333333330
0000000000000000
0111111111111110
0000000000000000
0222222222222220
0000000000000000
0333333333333330
0000000000000000
0000000000000000
<<<<<<< HEAD
=======
0000000001000000
level 2
>>>>>>> d39218ac81597930da142d4c4a7666acaf7b2e92
0000000000000000
0000000000000000
0000000000000000
0000000000000000
0000000000000000
0000000010000000
level 2
0000000000000000
0111111111111110
0222222222222220
0334333333334330
0114111111114110
0224222222224220
0334333333334330
0114111111114110
0224222222224220
0333333333333330
0111111111111110
0222222222222220
0333333333333330
0000000000000000
0000000000000000
level 3
0000000000000000
0000000000000000
0000000000000000
0040000000000400
0000000000000000
0000000000000000
0011111111111100
0000000000000000
0000003333000000
0000000000000000
0011111111111100
0022222222222200
0000000000000000
0000000000000000
0000011111100000
level 4
0000000000000000
0000000000000000
0000000000000000
0040000000000400
0000000000000000
0000000000000000
0011111001111100
0000000000000000
0010003333000200
0001000000001000
0000111111110000
0000001111000000
0000000000000000
0000000000000000
0000000000000000
